Position 1
Obs      Mean               Median             Standard Deviation    Variance                 Quantile          
1   0.7325101101530522   0.95504722313      0.3639580872272167     0.13428008500135583           [ 0.50577304  0.95504722  0.99243527]
2   0.7887574759892974   0.950653119      0.28339904702493385     0.08165360351888468           [ 0.60852154  0.95065312  0.98615677]
3   0.7873474221800921   0.9023424716000001      0.33656278830697506     0.11439604027962874           [ 0.71094262  0.90234247  1.0229069 ]
4   0.7761633915721293   0.9616913414266668      0.3314306157353852     0.11123671194606234           [ 0.72952161  0.96169134  0.98713839]
5   0.8027221739953179   0.9423402452133334      0.3025826431681266     0.09262086357389601           [ 0.75957703  0.94234025  1.00284114]
6   0.7554458122663663   0.9562069958033333      0.34611222054699997     0.1213100447716204           [ 0.64863428  0.956207    0.98940162]
7   0.7399465005793155   0.9563055088066668      0.3672833761348364     0.13658329186481627           [ 0.57973     0.95630551  0.98906918]
8   0.7460991954309444   0.9737870275533334      0.36219982660143696     0.13293789724864583           [ 0.60878806  0.97378703  0.993253  ]
9   0.787338673113684   0.9582182382133335      0.3449608035485088     0.12025056604783112           [ 0.7615341   0.95821824  1.00204671]
10   0.7362245204951154   0.93609289672      0.3560623652883667     0.12828969854587421           [ 0.58045414  0.9360929   0.98313873]
11   0.7406571628762667   0.89970912544      0.3411261236870876     0.11821412801196515           [ 0.62593911  0.89970913  0.99425032]
12   0.8090559493932287   0.9713981705333334      0.3141977455640494     0.09972757253505694           [ 0.75410415  0.97139817  1.00606096]
13   0.7539738717016109   0.8802177586666667      0.3136423421901981     0.09942927708137647           [ 0.71509788  0.88021776  0.97395009]
14   0.7963023902703069   0.9536443051733334      0.32034723818745675     0.10363841591546316           [ 0.77822975  0.95364431  0.97673663]

Position 2
Obs      Mean               Median             Standard Deviation    Variance                 Quantile          
1   0.7794973865294254   0.93565528341      0.3017832201660901     0.0923038297031907           [ 0.71690683  0.93565528  0.99142149]
2   0.8460211141213625   0.9807233070625001      0.27458641593458066     0.07640300248000917           [ 0.86635475  0.98072331  0.99223803]
3   0.8247211040045385   0.97928366187      0.29975814417746155     0.0908211272050246           [ 0.77698504  0.97928366  1.00458367]
4   0.8523641704234937   0.9887507860549999      0.2666759025471388     0.07179984504740156           [ 0.83385595  0.98875079  0.9965087 ]
5   0.8649955003200086   0.9842085007950001      0.2548789525025074     0.06555385570540068           [ 0.88190052  0.9842085   0.99570125]
6   0.84740526014417   0.9564927528449998      0.25117417088094784     0.063725721331042           [ 0.83469314  0.95649275  1.00175054]
7   0.8661653031777441   0.98054237148      0.23611730541759712     0.05635737519938061           [ 0.87190818  0.98054237  0.99524091]
8   0.8326492528191796   0.9117610371099999      0.290626337329173     0.08531683631249519           [ 0.77285798  0.91176104  1.03925881]
9   0.8277675170874947   0.9055739273600001      0.22563248816359682     0.051399539135231195           [ 0.8148665   0.90557393  0.93860175]
10   0.8447166102840218   0.97553892881      0.26131843147842376     0.06897019585664708           [ 0.84296633  0.97553893  0.99459389]
11   0.8583207667609177   1.0003173692425      0.26511681943466375     0.07102679034659581           [ 0.82518088  1.00031737  1.00646008]
12   0.8254910699088367   0.9497248132075      0.2592141369679085     0.0679642902845236           [ 0.76648669  0.94972481  0.99052621]
13   0.7779096316571883   0.8635829101549999      0.2812650805274919     0.07993410849834624           [ 0.7118695   0.86358291  0.9875609 ]
14   0.8690569217680866   0.9338670597349998      0.22942579243590205     0.05311039418290325           [ 0.82145772  0.93386706  0.98447003]

Position 3
Obs      Mean               Median             Standard Deviation    Variance                 Quantile          
1   0.827417876375237   0.91192062163      0.2658027933028959     0.07149220974818893           [ 0.76458287  0.91192062  0.99881925]
2   0.7251710622047355   0.776700571215      0.2242456643803566     0.05080993172248531           [ 0.71481302  0.77670057  0.86203382]
3   0.8527659885206954   0.979709243565      0.271533510828663     0.07446045193366181           [ 0.86126293  0.97970924  1.00681454]
4   0.7799147714693648   0.9341770809250001      0.32376456444915885     0.10620274968233452           [ 0.75167162  0.93417708  1.00377027]
5   0.8496284179573446   0.987161398845      0.271514833079295     0.07439048916918722           [ 0.86782095  0.9871614   1.0021984 ]
6   0.8454363295110562   0.98543513057      0.2766842516512802     0.07728326249384636           [ 0.86112064  0.98543513  1.00073704]
7   0.8387915822369088   0.9884112276450001      0.29234560822876277     0.08625730608259566           [ 0.83941209  0.98841123  1.00197264]
8   0.8633798699628134   0.966226341125      0.2739148125945101     0.07577961780427246           [ 0.87420776  0.96622634  0.98030505]
9   0.8596289905811975   0.9799501381050001      0.25713065052517736     0.0668427227740009           [ 0.868154    0.97995014  0.99984844]
10   0.8736102521354364   0.9908623271299999      0.2504905659282368     0.06340600281503833           [ 0.90667289  0.99086233  1.00212188]
11   0.8423057157975152   0.96975945469      0.2618203337818458     0.06927914130059074           [ 0.76575525  0.96975945  1.01535679]
12   0.8269424912852069   0.9866176396749999      0.29767222748666805     0.08951292598643458           [ 0.78257545  0.98661764  1.00205723]
13   0.8594944799595916   1.003908320805      0.2668413478592545     0.07190238634819997           [ 0.85192914  1.00390832  1.00610135]
14   0.8269707377329445   0.9881615530950001      0.30416643479960265     0.09342425162790388           [ 0.81330402  0.98816155  1.00322599]

Position 4
Obs      Mean               Median             Standard Deviation    Variance                 Quantile          
1   0.8712569947374799   1.006213627952941      0.26908175234513865     0.07316714722876347           [ 0.87322249  1.00621363  1.01803288]
2   0.7365298955022584   0.8001100996647058      0.25440129659372984     0.06557159891526261           [ 0.60475961  0.8001101   0.93281933]
3   0.8665846212623752   1.0127678722911764      0.30278511442505657     0.09264386578599874           [ 0.853382    1.01276787  1.02189716]
4   0.8724099807826606   1.0101983286235292      0.2755894480577071     0.0768029095423331           [ 0.87245281  1.01019833  1.02048469]
5   0.855331915448339   0.9610078491764704      0.2805242664729151     0.07951359183100218           [ 0.88148505  0.96100785  1.02537527]
6   0.8823357820340606   1.009217975482353      0.2557448294781809     0.06607970046260551           [ 0.89497769  1.00921798  1.01525045]
7   0.8661393494963311   1.007466475332353      0.2681575507334099     0.07263482021751648           [ 0.88457863  1.00746648  1.01516797]
8   0.8561248094681942   0.9686592443647059      0.29134420603020705     0.08576562812057353           [ 0.89094348  0.96865924  0.9849251 ]
9   0.8576048649317992   0.9767854764058823      0.26574105908378937     0.07130392514785726           [ 0.88984692  0.97678548  1.01143611]
10   0.869993236222888   1.0095183469764706      0.2803133842674679     0.07948926309017275           [ 0.88056086  1.00951835  1.01559219]
11   0.8799436794095304   0.9994573595176469      0.2520167131888393     0.06413509454735379           [ 0.87609975  0.99945736  1.02063072]
12   0.8391837849154201   1.0126115462235292      0.3224796235361707     0.10509941725130732           [ 0.8462555   1.01261155  1.01927087]
13   0.8134853183411999   0.9685453799999999      0.2959436726665486     0.08865073857906483           [ 0.66098148  0.96854538  1.0220133 ]
14   0.8895515752518046   1.0108174627058824      0.2579174951435816     0.06722910913413026           [ 0.93594349  1.01081746  1.0153627 ]

Position 5
Obs      Mean               Median             Standard Deviation    Variance                 Quantile          
1   0.8511563274662436   0.9730413415400001      0.27138000964902625     0.07440635819006546           [ 0.86995508  0.97304134  0.99373437]
2   0.7916213882337599   0.9111581826449999      0.3045975536730228     0.09370746640062594           [ 0.71763439  0.91115818  0.96705805]
3   0.8545660886997337   0.9213096238075      0.23700095883980876     0.05678670124363696           [ 0.86180961  0.92130962  0.99153365]
4   0.8341997325703918   0.9975580117      0.27937908103190234     0.0788491267439265           [ 0.81764777  0.99755801  1.00319269]
5   0.8184297645803542   0.9210055186400001      0.27096344585088333     0.07421066413778656           [ 0.81612968  0.92100552  0.98749601]
6   0.8571708261454845   0.98763352269      0.25507304489844107     0.0656818987883694           [ 0.86317095  0.98763352  0.99863771]
7   0.8222728090320354   0.9592209226349999      0.288115270205529     0.08392261122149076           [ 0.80476841  0.95922092  0.99594701]
8   0.837484101056929   0.92501097043      0.28744681390806043     0.08342014842999027           [ 0.80987253  0.92501097  1.05090397]
9   0.8415747792544451   0.9772092455375001      0.2740789808862721     0.0758347095518828           [ 0.84035869  0.97720925  1.00052231]
10   0.8573625286472537   0.9872711276450001      0.2682400898236345     0.07270225355722268           [ 0.89489177  0.98727113  0.99781335]
11   0.8565235388154274   1.00294691987      0.2698599249444204     0.07340235035363528           [ 0.84177739  1.00294692  1.0107222 ]
12   0.8476255727683579   0.9923840874500001      0.2749178059629091     0.07638384046136888           [ 0.78110949  0.99238409  0.99914982]
13   0.852581412564415   0.9946440995600001      0.2814921949342892     0.08003823819083218           [ 0.86641038  0.9946441   1.01138858]
14   0.7801989989625586   0.90758935443      0.27572913780247826     0.07685293305757304           [ 0.71244663  0.90758935  0.97460068]

Position 6
Obs      Mean               Median             Standard Deviation    Variance                 Quantile          
1   0.819529974217093   0.9756216156549999      0.31264549129172897     0.09870550913901761           [ 0.84189754  0.97562162  1.01296595]
2   0.6422152432748753   0.8783133946799999      0.40751257589737205     0.16776105563200644           [ 0.15526878  0.87831339  0.96488127]
3   0.7763480375023332   0.838583054885      0.2227454436065452     0.05009723684793754           [ 0.70655182  0.83858305  0.91934559]
4   0.7933406151458597   0.9454326111950001      0.29846014666388326     0.09026617193524843           [ 0.71334024  0.94543261  0.98905979]
5   0.8524793258555898   0.989017581655      0.28463250731880285     0.08173901836743289           [ 0.85579091  0.98901758  1.03457108]
6   0.8399375134793646   0.9850305720699999      0.28491038185777123     0.0819397174421367           [ 0.82627969  0.98503057  1.00320111]
7   0.8351233068040331   0.990221383255      0.2984891406777918     0.08989126502312521           [ 0.83864989  0.99022138  1.00316357]
8   0.8083731928963187   0.917508956265      0.3262559866960574     0.10745671141554194           [ 0.77339868  0.91750896  1.04266711]
9   0.849129379299222   0.953596064515      0.29169347994447214     0.0859192537542938           [ 0.80616254  0.95359606  0.99593543]
10   0.8619739820492187   0.9939850910000001      0.2715339148596744     0.07437180315309934           [ 0.87486447  0.99398509  1.00362436]
11   0.8032433664303644   0.9701702998549999      0.334117546355812     0.11262245101984436           [ 0.80641908  0.9701703   1.01641778]
12   0.8125169529287062   0.98561284694      0.31901597643680957     0.10287740184390858           [ 0.78375955  0.98561285  1.00305763]
13   0.84312856964789   0.90995334383      0.2589283606334296     0.0676704744070473           [ 0.83639088  0.90995334  1.02225972]
14   0.7842307323826134   0.950731065335      0.33179867987529477     0.11114892515897859           [ 0.7842659   0.95073107  0.98773546]

Position 7
Obs      Mean               Median             Standard Deviation    Variance                 Quantile          
1   0.866218300316789   0.989775168005      0.26578188774292255     0.07139150133998076           [ 0.86503031  0.98977517  1.01871198]
2   0.8465911245225475   0.9298814194225      0.2711778264310538     0.07440255958961041           [ 0.82479945  0.92988142  1.01341694]
3   0.8165508131425661   0.9105285809350001      0.2797931181982617     0.0791944702584449           [ 0.74401185  0.91052858  1.00852846]
4   0.8438337051302998   0.986315543835      0.2766995601526875     0.07723424875174943           [ 0.84756645  0.98631554  0.99861726]
5   0.8650612924749435   0.9825456617849999      0.26648924883712577     0.07168022553779213           [ 0.8683523   0.98254566  1.02797154]
6   0.8327535800382552   0.964640512235      0.2793831657290685     0.0789732468609467           [ 0.83489705  0.96464051  0.9971805 ]
7   0.8519162783420737   0.9806339515799999      0.2519506128460996     0.06414035205637438           [ 0.81160337  0.98063395  0.99834154]
8   0.8315538057831438   0.9276493830424999      0.30295066220783584     0.092725280059302           [ 0.84131846  0.92764938  1.05031891]
9   0.8629826183107281   0.941302861465      0.25984871203692644     0.06817059692751153           [ 0.83141135  0.94130286  1.03602628]
10   0.8527418081100433   0.9802752583674998      0.25788753452206     0.06720604341409685           [ 0.85319445  0.98027526  0.99808295]
11   0.8438756525289285   0.921145292405      0.27779310933107787     0.0778835394769377           [ 0.80545407  0.92114529  1.03447489]
12   0.8647468844109178   0.998698618705      0.25527051880193175     0.06582796672623806           [ 0.85868466  0.99869862  1.0017289 ]
13   0.845396948588944   0.9553109770325001      0.2532933571781562     0.06481894257192722           [ 0.86288979  0.95531098  0.98128753]
14   0.8144887397245106   0.9667746209650001      0.27439392524465867     0.07623317653881097           [ 0.77960017  0.96677462  0.98944303]

Position 8
Obs      Mean               Median             Standard Deviation    Variance                 Quantile          
1   0.8807420191471328   0.9415786181800001      0.23305853129646356     0.054906673347130605           [ 0.88457215  0.94157862  1.0283496 ]
2   0.8444797309162392   0.9786166849400001      0.28022079335875755     0.07937721143311816           [ 0.85981499  0.97861668  0.99103898]
3   0.8539649647983373   0.9911143545650001      0.26683527175609045     0.07190602326555404           [ 0.86481973  0.99111435  1.00153789]
4   0.8288334230799322   0.915176181945      0.2686081940761973     0.0727888607029723           [ 0.82246558  0.91517618  0.99385558]
5   0.8609940834041063   0.98549652742      0.260735072675052     0.0686626059040933           [ 0.86072487  0.98549653  1.00125219]
6   0.8397968445865254   0.982224225665      0.28303676163344255     0.0808250745826957           [ 0.84587752  0.98222423  1.00107438]
7   0.8239992366273488   0.973281058495      0.2873539689491567     0.0833739763200643           [ 0.79588613  0.97328106  0.99960848]
8   0.8460281631487764   0.9833536949049999      0.28135927786512255     0.07995467367319108           [ 0.85941664  0.98335369  1.00065134]
9   0.8467640187544171   1.00277671705      0.2813061474068215     0.07992448005455709           [ 0.82724709  1.00277672  1.00377709]
10   0.8617114105202014   0.935223148025      0.27180618651413563     0.07464817180889206           [ 0.87448636  0.93522315  1.04632045]
11   0.8325322475809755   0.9850934763250001      0.2903375558095822     0.08512232666949682           [ 0.79851518  0.98509348  1.00201586]
12   0.8421706351517209   0.9327132746275      0.2569411807103368     0.06663576819851187           [ 0.84660702  0.93271327  1.01287088]
13   0.8091715140608466   0.98888184955      0.3244844095458727     0.10632238823478792           [ 0.78422786  0.98888185  1.00418099]

Position 9
Obs      Mean               Median             Standard Deviation    Variance                 Quantile          
1   0.8316080363242015   0.9434583465699999      0.29302818232033506     0.08678880074830317           [ 0.83296986  0.94345835  0.96245349]
2   0.7557274034072466   0.91870488618      0.34036668980994217     0.11743646275864557           [ 0.71445403  0.91870489  0.98837796]
3   0.8589207887660578   0.9899253628375      0.26263925951225536     0.06963632711940435           [ 0.85719195  0.98992536  1.00349707]
4   0.818663752712375   0.9450228462200001      0.29884156919867405     0.0904088301907694           [ 0.82838058  0.94502285  1.01309789]
5   0.8647857208208177   0.99350369263      0.2605429980733459     0.068494209285093           [ 0.86252851  0.99350369  1.007522  ]
6   0.8551299479414709   0.990483094515      0.26439587944857684     0.07055850051863297           [ 0.85284435  0.99048309  1.00360034]
7   0.8489058449514162   0.9558979764550001      0.27529070048262083     0.07655828579029586           [ 0.82953692  0.95589798  0.98428034]
8   0.851063648727002   0.9844521854324999      0.26948523958189224     0.07332736517146626           [ 0.85187636  0.98445219  1.00264426]
9   0.8557473042581125   0.9868889431374999      0.27043329978222275     0.07379303602417456           [ 0.86680686  0.98688894  1.00339546]
10   0.8196805984269938   0.97976082439      0.32197920948632347     0.10461307144454174           [ 0.76298731  0.97976082  1.01228742]
11   0.8006868649855946   0.97596724427      0.32606730342825324     0.1072777231790714           [ 0.77546079  0.97596724  1.0018885 ]
12   0.8366070656564055   0.9722121017425      0.28110716671622926     0.07977382240950426           [ 0.81298734  0.9722121   0.98852163]
13   0.7371310253626845   0.8440942208300001      0.333155113316435     0.11205956346666442           [ 0.70918622  0.84409422  1.00024158]

