###########################
  STATISTICAL INFORMATION  
###########################

Position 1
Obs       Mean        Median       Standard Deviation    Variance         Quantile[.25, .5, .75]
1   0.791256203554  0.975141182801  0.332743241577    0.111563240883  [ 0.75078875  0.97514118  0.99518101]
2   0.773247981119  0.966592616015  0.345636875202    0.12038380988  [ 0.71235465  0.96659262  0.99355654]
3   0.795033957047  0.977152100832  0.328569429132    0.108801290617  [ 0.75119498  0.9771521   0.99529125]
4   0.775478266536  0.969313280087  0.342443531455    0.118183725144  [ 0.71067364  0.96931328  0.99326497]
5   0.780346410312  0.973710564807  0.342503066933    0.118210722788  [ 0.69514696  0.97371056  0.99349055]
6   0.798697554846  0.978344757145  0.326941863876    0.10771322068  [ 0.78282962  0.97834476  0.99525021]
7   0.793648746146  0.976228710902  0.331555983489    0.110808805149  [ 0.78345174  0.97622871  0.99526269]
8   0.791017901257  0.976612081699  0.333274155934    0.111913115006  [ 0.75029196  0.97661208  0.9954675 ]
9   0.780426851067  0.970194769174  0.334298048763    0.112642131322  [ 0.71068051  0.97019477  0.99388624]
10   0.815466161452  0.98165854175  0.321293692704    0.103899959289  [ 0.82445792  0.98165854  0.99213502]

Position 2
Obs       Mean        Median       Standard Deviation    Variance         Quantile[.25, .5, .75]
1   0.797575706518  0.98211527611  0.330226203677    0.109901293607  [ 0.75124669  0.98211528  1.00134464]
2   0.779461151998  0.972457460658  0.344730601322    0.119774929122  [ 0.71232524  0.97245746  1.0005311 ]
3   0.796064851095  0.978363409594  0.33229954619    0.111299361322  [ 0.75145833  0.97836341  1.00179493]
4   0.782201345819  0.975087159989  0.344682265278    0.119741343241  [ 0.7417232   0.97508716  1.00014687]
5   0.784856134559  0.97683337514  0.341502142614    0.117520818898  [ 0.73136047  0.97683338  1.0010016 ]
6   0.792772140199  0.980829816985  0.336329194493    0.113987460354  [ 0.71299507  0.98082982  1.0013643 ]
7   0.784868889458  0.976801976093  0.344755941752    0.119799966194  [ 0.73136526  0.97680198  1.00107612]
8   0.789860302892  0.975780604095  0.336651702814    0.114226765614  [ 0.74153301  0.9757806   1.0007918 ]
9   0.780787619907  0.978153313685  0.348866533054    0.122651329652  [ 0.72176526  0.97815331  1.00058659]
10   0.775171677291  0.922990371869  0.360179543143    0.130734956813  [ 0.67807475  0.92299037  1.04492008]

Position 3
Obs       Mean        Median       Standard Deviation    Variance         Quantile[.25, .5, .75]
1   0.785703152694  0.977324680407  0.344533629648    0.119638094573  [ 0.74186091  0.97732468  1.00370823]
2   0.781436965506  0.97792869735  0.345576263284    0.120378337375  [ 0.71272868  0.9779287   1.00327952]
3   0.801354933835  0.981854679971  0.332360409739    0.111347149498  [ 0.78487231  0.98185468  1.00397839]
4   0.776284842529  0.975376777914  0.356590355041    0.128150092881  [ 0.71303956  0.97537678  1.00348347]
5   0.794823199817  0.979512713919  0.336487423679    0.114081542251  [ 0.75171411  0.97951271  1.00397057]
6   0.793361014881  0.981225643294  0.337771330579    0.114973886271  [ 0.75177378  0.98122564  1.00393149]
7   0.790076086484  0.979862599346  0.340049293427    0.116551248325  [ 0.7324906   0.9798626   1.00371559]
8   0.797223022962  0.983578580886  0.334546448814    0.11276921525  [ 0.75190774  0.98357858  1.00387978]
9   0.798747871135  0.983387133012  0.333560310758    0.11213856344  [ 0.77684534  0.98338713  1.0037153 ]
10   0.795817719377  0.994401271543  0.35209863337    0.124934482099  [ 0.70834727  0.99440127  1.01563856]

Position 4
Obs       Mean        Median       Standard Deviation    Variance         Quantile[.25, .5, .75]
1   0.80398297987  0.978332304006  0.322318467817    0.10470082903  [ 0.78464262  0.9783323   0.99839504]
2   0.777090409616  0.971336702048  0.346485903558    0.121012901215  [ 0.72170104  0.9713367   0.99728682]
3   0.784083981377  0.974995925483  0.341122743594    0.117259839475  [ 0.7317156   0.97499593  0.99806309]
4   0.78480307151  0.973099367471  0.338608745876    0.115573129846  [ 0.72196612  0.97309937  0.99635297]
5   0.786258726671  0.976876294724  0.337825624315    0.115004045924  [ 0.73126235  0.97687629  0.99850975]
6   0.822065393404  0.989735711743  0.317251979566    0.101306653954  [ 0.83732388  0.98973571  0.99947734]
7   0.8040022391  0.979009402272  0.322404441953    0.104756691568  [ 0.78467996  0.9790094   0.99863375]
8   0.788893735041  0.976602607655  0.334844239727    0.112983131531  [ 0.74997189  0.97660261  0.99772214]
9   0.783685151225  0.975090129238  0.338581770026    0.115547437335  [ 0.73150125  0.97509013  0.99782209]
10   0.792195613292  0.979711495556  0.334283214798    0.112591822754  [ 0.75138793  0.9797115   0.9978973 ]

Position 5
Obs       Mean        Median       Standard Deviation    Variance         Quantile[.25, .5, .75]
1   0.796854906742  0.98008395565  0.331411659801    0.110698520443  [ 0.75080784  0.98008396  1.00223906]
2   0.791684260771  0.978879709368  0.336575784126    0.114161423254  [ 0.75101407  0.97887971  1.00184632]
3   0.801458747579  0.982257354431  0.32807814022    0.108496348219  [ 0.75979442  0.98225735  1.00195427]
4   0.780571915819  0.977168659616  0.349819830449    0.1233374879  [ 0.74129566  0.97716866  1.00165643]
5   0.796438075939  0.982564567746  0.334018794275    0.112413771254  [ 0.75168457  0.98256457  1.00237653]
6   0.80230293576  0.982316714618  0.32789648289    0.108336837106  [ 0.77681145  0.98231671  1.00188841]
7   0.784973251855  0.979354951592  0.343382688842    0.118825714957  [ 0.72215828  0.97935495  1.00194882]
8   0.79157534596  0.978940148896  0.336877539604    0.114359449587  [ 0.7511633   0.97894015  1.00172324]
9   0.785421537048  0.977174635558  0.342786250748    0.118413285126  [ 0.72189696  0.97717464  1.00137259]
10   0.776516214831  0.947943041633  0.359485558172    0.13022394243  [ 0.69000246  0.94794304  0.98223186]

Position 6
Obs       Mean        Median       Standard Deviation    Variance         Quantile[.25, .5, .75]
1   0.777576242248  0.966339584774  0.34285488773    0.118520957297  [ 0.71309008  0.96633958  1.00238964]
2   0.772807799293  0.976503539788  0.356858604317    0.128342970221  [ 0.71309022  0.97650354  1.00287802]
3   0.796696259368  0.980412742251  0.334344790324    0.112687942356  [ 0.75190558  0.98041274  1.00451393]
4   0.785561023165  0.980233707708  0.343810759181    0.119122162455  [ 0.72276753  0.98023371  1.00412666]
5   0.791869527456  0.98351446039  0.341643162421    0.117604293235  [ 0.71319988  0.98351446  1.00468551]
6   0.786953835937  0.980129642492  0.342828044208    0.118435153033  [ 0.73249145  0.98012964  1.00429394]
7   0.789598998411  0.980604618267  0.342466289476    0.118206648872  [ 0.74213892  0.98060462  1.00428797]
8   0.798458828547  0.983628694489  0.335581283377    0.113474452698  [ 0.7768633   0.98362869  1.00472071]
9   0.781181237143  0.978002717031  0.347535791347    0.121732158757  [ 0.71312342  0.97800272  1.00374864]
10   0.791195000456  0.919919481899  0.355674484955    0.12748499304  [ 0.77161378  0.91991948  1.04393544]

Position 7
Obs       Mean        Median       Standard Deviation    Variance         Quantile[.25, .5, .75]
1   0.797491774838  0.980040694148  0.331513863887    0.110766807634  [ 0.75151076  0.98004069  1.00192506]
2   0.784494617636  0.973549934467  0.339408780182    0.116150372296  [ 0.72244524  0.97354993  1.000621  ]
3   0.792019761651  0.9778847771  0.337450555862    0.114762509508  [ 0.75133667  0.97788478  1.00170016]
4   0.791352406595  0.946307967265  0.349155103192    0.122839891322  [ 0.74160685  0.94630797  0.96508589]
5   0.790172440036  0.978210208285  0.338111412847    0.11519870694  [ 0.73228583  0.97821021  1.00099285]
6   0.789668506218  0.977589615859  0.336941404876    0.114416459619  [ 0.7514684   0.97758962  1.00121833]
7   0.799460958867  0.979075531932  0.330842467687    0.110318602508  [ 0.77609613  0.97907553  1.00201384]
8   0.792096457547  0.977651834141  0.335529168755    0.113445821725  [ 0.73210812  0.97765183  1.00183124]
9   0.797902441321  0.950144030371  0.350950995427    0.124151934001  [ 0.75905881  0.95014403  1.02809292]
10   0.790857449389  0.97426503906  0.337879529633    0.11504075021  [ 0.75093611  0.97426504  1.00381928]

Position 8
Obs       Mean        Median       Standard Deviation    Variance         Quantile[.25, .5, .75]
1   0.804677644992  0.982444050665  0.329355290457    0.109335819315  [ 0.78462445  0.98244405  1.0034256 ]
2   0.773589539459  0.978988781769  0.354954736391    0.126984934689  [ 0.70162495  0.97898878  1.00255587]
3   0.791867788876  0.975835686858  0.333859543702    0.112361083589  [ 0.75149605  0.97583569  1.00271653]
4   0.774080154442  0.975028281503  0.351821989972    0.124761083363  [ 0.71304224  0.97502828  1.00225663]
5   0.79056868061  0.979606573292  0.340559319846    0.116859291624  [ 0.75180664  0.97960657  1.00367657]
6   0.790195779523  0.97882569256  0.337757237059    0.114971200805  [ 0.75158076  0.97882569  1.00295553]
7   0.790584344905  0.979004574351  0.342738496447    0.118380294598  [ 0.75976108  0.97900457  1.00346717]
8   0.789569066468  0.977200555426  0.339344266934    0.116047202288  [ 0.75148059  0.97720056  1.00339913]
9   0.8139661464  0.994122181375  0.333340115152    0.111851497484  [ 0.81421666  0.99412218  1.00457327]
10   0.792650362342  0.979587060333  0.339247213447    0.115973969307  [ 0.75704386  0.97958706  1.00312876]

Position 9
Obs       Mean        Median       Standard Deviation    Variance         Quantile[.25, .5, .75]
1   0.798949702333  0.98436083944  0.333465143524    0.112081533707  [ 0.76872427  0.98436084  1.00472039]
2   0.779643478109  0.924860959906  0.35072775601    0.123986228351  [ 0.77219245  0.92486096  0.96697044]
3   0.784152347743  0.980743471624  0.351589492952    0.124604092926  [ 0.71326301  0.98074347  1.00392839]
4   0.780117775464  0.978666088849  0.350774980306    0.123996909187  [ 0.72293863  0.97866609  1.00424697]
5   0.794105045536  0.984371189442  0.338124076726    0.11519401165  [ 0.75199968  0.98437119  1.00476008]
6   0.810191459927  0.984280248242  0.322687345862    0.10492810105  [ 0.7855074   0.98428025  1.00485536]
7   0.78677680738  0.980745748055  0.345703429309    0.120459359933  [ 0.75197038  0.98074575  1.00454809]
8   0.791569990267  0.984396047648  0.341172724055    0.117287368308  [ 0.74228408  0.98439605  1.00489201]
9   0.792473771909  0.984213027371  0.341509188857    0.117525668582  [ 0.75197992  0.98421303  1.00461698]
10   0.799384383016  0.982405985144  0.332015806836    0.111089026966  [ 0.76035211  0.98240599  1.00458582]
